# Created by Octave 6.4.0, Thu Feb 03 17:53:14 2022 PST <alexchandler@Alexs-MacBook-Pro.local>
# name: v
# type: matrix
# rows: 3
# columns: 1
 1
 2
 3


